0 0.005859375 0.365234375 0.01171875 0.03515625
0 0.033203125 0.333984375 0.03515625 0.046875
0 0.01953125 0.2109375 0.03125 0.0390625
0 0.0703125 0.15234375 0.0390625 0.04296875
0 0.125 0.234375 0.03515625 0.04296875
0 0.021484375 0.4765625 0.04296875 0.05078125
0 0.05859375 0.431640625 0.03125 0.046875
0 0.1328125 0.337890625 0.0390625 0.04296875
0 0.177734375 0.306640625 0.03515625 0.04296875
0 0.189453125 0.18359375 0.0390625 0.046875
0 0.251953125 0.16015625 0.0390625 0.04296875
0 0.333984375 0.1796875 0.03125 0.04296875
0 0.37109375 0.119140625 0.046875 0.0546875
0 0.423828125 0.0703125 0.046875 0.05859375
0 0.658203125 0.029296875 0.05078125 0.05859375
0 0.7421875 0.0390625 0.0390625 0.046875
0 0.736328125 0.142578125 0.06640625 0.08203125
0 0.875 0.19140625 0.0390625 0.0546875
0 0.892578125 0.322265625 0.04296875 0.0546875
0 0.962890625 0.38671875 0.05859375 0.07421875
0 0.990234375 0.46484375 0.01953125 0.046875
0 0.544921875 0.22265625 0.04296875 0.05859375
0 0.341796875 0.28515625 0.046875 0.06640625
0 0.21484375 0.423828125 0.0390625 0.04296875
0 0.150390625 0.46484375 0.03515625 0.05078125
0 0.240234375 0.509765625 0.03125 0.0390625
0 0.27734375 0.48046875 0.03125 0.04296875
0 0.41015625 0.462890625 0.03125 0.0390625
0 0.4453125 0.412109375 0.03125 0.03515625
0 0.45703125 0.32421875 0.03125 0.04296875
0 0.51171875 0.384765625 0.03515625 0.0390625
0 0.55078125 0.345703125 0.03125 0.046875
0 0.46875 0.14453125 0.03515625 0.04296875
0 0.61328125 0.306640625 0.046875 0.05859375
0 0.708984375 0.328125 0.03125 0.04296875
0 0.787109375 0.400390625 0.0390625 0.046875
0 0.771484375 0.498046875 0.03515625 0.03515625
0 0.70703125 0.43359375 0.03515625 0.05078125
0 0.603515625 0.40234375 0.02734375 0.03515625
0 0.6640625 0.46484375 0.03515625 0.04296875
0 0.580078125 0.48046875 0.03515625 0.04296875
0 0.515625 0.501953125 0.03125 0.04296875
0 0.474609375 0.544921875 0.03515625 0.046875
0 0.453125 0.62890625 0.0390625 0.05078125
0 0.193359375 0.58984375 0.03125 0.03515625
0 0.236328125 0.642578125 0.03515625 0.04296875
0 0.185546875 0.669921875 0.03515625 0.046875
0 0.15625 0.69921875 0.02734375 0.0390625
0 0.20703125 0.767578125 0.03515625 0.046875
0 0.302734375 0.736328125 0.03125 0.04296875
0 0.375 0.671875 0.03125 0.04296875
0 0.4140625 0.732421875 0.03125 0.04296875
0 0.4453125 0.69140625 0.03125 0.04296875
0 0.521484375 0.7109375 0.02734375 0.03515625
0 0.56640625 0.744140625 0.03125 0.0390625
0 0.755859375 0.58984375 0.03125 0.05078125
0 0.91796875 0.576171875 0.03515625 0.0546875
0 0.884765625 0.638671875 0.03515625 0.046875
0 0.98046875 0.66796875 0.0390625 0.05078125
0 0.9921875 0.76171875 0.015625 0.03125
0 0.896484375 0.748046875 0.02734375 0.02734375
0 0.84765625 0.68359375 0.03125 0.04296875
0 0.9609375 0.814453125 0.03515625 0.04296875
0 0.73828125 0.66796875 0.04296875 0.0546875
0 0.841796875 0.77734375 0.0234375 0.03125
0 0.80859375 0.822265625 0.046875 0.0625
0 0.697265625 0.720703125 0.04296875 0.05859375
0 0.73046875 0.830078125 0.03515625 0.046875
0 0.689453125 0.791015625 0.01953125 0.03125
0 0.541015625 0.80078125 0.03125 0.046875
0 0.466796875 0.78515625 0.03515625 0.04296875
0 0.3203125 0.826171875 0.0390625 0.05078125
0 0.4296875 0.814453125 0.02734375 0.03515625
0 0.5078125 0.837890625 0.03125 0.04296875
0 0.333984375 0.90234375 0.03125 0.046875
0 0.365234375 0.962890625 0.03515625 0.0390625
0 0.40234375 0.931640625 0.03125 0.04296875
0 0.4453125 0.90625 0.02734375 0.03515625
0 0.3046875 0.984375 0.03125 0.03125
0 0.423828125 0.99609375 0.03515625 0.0078125
0 0.45703125 0.984375 0.03125 0.03125
0 0.4921875 0.966796875 0.03125 0.03515625
0 0.525390625 0.9921875 0.03515625 0.015625
0 0.560546875 0.970703125 0.04296875 0.05859375
0 0.5625 0.9140625 0.03125 0.03125
0 0.578125 0.84765625 0.02734375 0.03515625
0 0.609375 0.8984375 0.03125 0.04296875
0 0.662109375 0.857421875 0.04296875 0.04296875