0 0.19140625 0.076171875 0.0390625 0.03515625
0 0.240234375 0.078125 0.03515625 0.04296875
0 0.375 0.05859375 0.03515625 0.04296875
0 0.134765625 0.0078125 0.01953125 0.015625
0 0.076171875 0.201171875 0.02734375 0.046875
0 0.142578125 0.1796875 0.0390625 0.05078125
0 0.201171875 0.169921875 0.02734375 0.046875
0 0.31640625 0.14453125 0.03515625 0.04296875
0 0.37109375 0.146484375 0.03515625 0.04296875
0 0.45703125 0.05859375 0.0390625 0.046875
0 0.51953125 0.080078125 0.03515625 0.04296875
0 0.57421875 0.146484375 0.03125 0.04296875
0 0.640625 0.123046875 0.04296875 0.0546875
0 0.7109375 0.1171875 0.04296875 0.05859375
0 0.921875 0.23046875 0.046875 0.06640625
0 0.98046875 0.21875 0.0390625 0.0546875
0 0.9765625 0.294921875 0.0390625 0.046875
0 0.908203125 0.37109375 0.0625 0.078125
0 0.982421875 0.49609375 0.03515625 0.0546875
0 0.916015625 0.609375 0.0390625 0.0546875
0 0.9296875 0.703125 0.05078125 0.07421875
0 0.91015625 0.787109375 0.03515625 0.046875
0 0.7109375 0.3125 0.0390625 0.0546875
0 0.51171875 0.234375 0.04296875 0.06640625
0 0.326171875 0.26171875 0.03515625 0.04296875
0 0.251953125 0.251953125 0.03125 0.05078125
0 0.29296875 0.34375 0.02734375 0.0390625
0 0.33984375 0.34375 0.02734375 0.04296875
0 0.455078125 0.4140625 0.02734375 0.0390625
0 0.513671875 0.3984375 0.02734375 0.03515625
0 0.576171875 0.3359375 0.03125 0.04296875
0 0.58203125 0.41796875 0.03125 0.0390625
0 0.63671875 0.4140625 0.02734375 0.046875
0 0.69921875 0.203125 0.03125 0.0390625
0 0.708984375 0.421875 0.04296875 0.05859375
0 0.771484375 0.49609375 0.02734375 0.04296875
0 0.78515625 0.603515625 0.03515625 0.04296875
0 0.7109375 0.66796875 0.03515625 0.03515625
0 0.703125 0.578125 0.03125 0.05078125
0 0.642578125 0.490234375 0.0234375 0.03515625
0 0.650390625 0.576171875 0.03125 0.0390625
0 0.57421875 0.53515625 0.03125 0.04296875
0 0.51171875 0.51171875 0.03125 0.04296875
0 0.451171875 0.517578125 0.03515625 0.04296875
0 0.3828125 0.5703125 0.03515625 0.05078125
0 0.205078125 0.376953125 0.02734375 0.03515625
0 0.205078125 0.4453125 0.03125 0.0390625
0 0.1484375 0.43359375 0.03515625 0.04296875
0 0.107421875 0.439453125 0.0234375 0.0390625
0 0.103515625 0.5234375 0.03125 0.046875
0 0.197265625 0.55859375 0.03125 0.04296875
0 0.294921875 0.556640625 0.02734375 0.04296875
0 0.287109375 0.626953125 0.03125 0.04296875
0 0.3359375 0.61328125 0.03125 0.04296875
0 0.384765625 0.677734375 0.0234375 0.03515625
0 0.3984375 0.732421875 0.02734375 0.0390625
0 0.642578125 0.73046875 0.02734375 0.05078125
0 0.77734375 0.822265625 0.03125 0.05859375
0 0.7109375 0.849609375 0.03515625 0.04296875
0 0.767578125 0.93359375 0.03515625 0.05078125
0 0.65234375 0.943359375 0.0234375 0.02734375
0 0.654296875 0.861328125 0.02734375 0.04296875
0 0.580078125 0.78125 0.0390625 0.05078125
0 0.591796875 0.9296875 0.0234375 0.03125
0 0.537109375 0.9453125 0.04296875 0.0625
0 0.513671875 0.796875 0.0390625 0.05859375
0 0.470703125 0.90234375 0.03515625 0.046875
0 0.46484375 0.84375 0.01953125 0.03125
0 0.34375 0.759765625 0.02734375 0.046875
0 0.294921875 0.701171875 0.03515625 0.04296875
0 0.154296875 0.638671875 0.03515625 0.05078125
0 0.24609375 0.701171875 0.0234375 0.03515625
0 0.29296875 0.767578125 0.03125 0.04296875
0 0.1171875 0.70703125 0.02734375 0.046875
0 0.103515625 0.775390625 0.03125 0.03515625
0 0.15234375 0.7734375 0.03125 0.04296875
0 0.201171875 0.78125 0.0234375 0.03515625
0 0.0390625 0.76171875 0.02734375 0.046875
0 0.05078125 0.818359375 0.02734375 0.0390625
0 0.119140625 0.8515625 0.03125 0.0390625
0 0.16015625 0.853515625 0.02734375 0.03515625
0 0.201171875 0.857421875 0.02734375 0.03515625
0 0.201171875 0.90625 0.03125 0.03515625
0 0.251953125 0.904296875 0.0390625 0.0546875
0 0.287109375 0.859375 0.02734375 0.03125
0 0.341796875 0.818359375 0.0234375 0.03515625
0 0.3359375 0.87890625 0.02734375 0.04296875
0 0.400390625 0.880859375 0.0390625 0.04296875