0 0.2421875 0.59765625 0.0234375 0.078125
0 0.271484375 0.607421875 0.03515625 0.10546875
0 0.291015625 0.62890625 0.02734375 0.08203125
0 0.310546875 0.63671875 0.03515625 0.08984375
0 0.35546875 0.669921875 0.02734375 0.078125
0 0.376953125 0.66015625 0.03515625 0.10546875
0 0.3984375 0.69140625 0.0234375 0.0703125
0 0.419921875 0.68359375 0.03125 0.10546875
0 0.44140625 0.712890625 0.01953125 0.07421875
0 0.458984375 0.712890625 0.0234375 0.0625
0 0.29296875 0.4453125 0.01953125 0.0625
0 0.32421875 0.451171875 0.01953125 0.04296875
0 0.353515625 0.466796875 0.01953125 0.046875
0 0.369140625 0.474609375 0.01953125 0.046875
0 0.3828125 0.482421875 0.01953125 0.05078125
0 0.3984375 0.48828125 0.01953125 0.0546875
0 0.474609375 0.521484375 0.01953125 0.046875
0 0.37109375 0.400390625 0.078125 0.05078125
0 0.4296875 0.4140625 0.0234375 0.08203125
0 0.4453125 0.427734375 0.0234375 0.07421875
0 0.470703125 0.431640625 0.02734375 0.0859375
0 0.4921875 0.443359375 0.01953125 0.0703125
0 0.490234375 0.53125 0.01953125 0.0546875
0 0.505859375 0.5234375 0.01953125 0.046875
0 0.486328125 0.71875 0.01953125 0.0703125
0 0.5078125 0.720703125 0.0234375 0.0859375
0 0.53125 0.720703125 0.01953125 0.0703125
0 0.5546875 0.703125 0.02734375 0.109375
0 0.576171875 0.71875 0.0234375 0.07421875
0 0.59765625 0.7265625 0.01953125 0.0625
0 0.619140625 0.697265625 0.03125 0.109375
0 0.64453125 0.7109375 0.0234375 0.0703125
0 0.537109375 0.529296875 0.01953125 0.046875
0 0.517578125 0.4375 0.0234375 0.08984375
0 0.564453125 0.44140625 0.0234375 0.0703125
0 0.568359375 0.529296875 0.01953125 0.04296875
0 0.5859375 0.537109375 0.015625 0.0546875
0 0.603515625 0.53515625 0.01953125 0.046875
0 0.6328125 0.521484375 0.015625 0.0390625
0 0.5859375 0.439453125 0.02734375 0.0859375
0 0.609375 0.4375 0.03125 0.09375
0 0.63671875 0.423828125 0.03125 0.09375
0 0.658203125 0.431640625 0.02734375 0.07421875
0 0.677734375 0.42578125 0.03125 0.078125
0 0.669921875 0.705078125 0.01953125 0.0625
0 0.666015625 0.515625 0.015625 0.046875
0 0.6796875 0.513671875 0.01953125 0.05078125
0 0.697265625 0.51171875 0.01953125 0.05078125
0 0.712890625 0.681640625 0.03515625 0.1015625
0 0.732421875 0.685546875 0.0234375 0.0625
0 0.7578125 0.671875 0.01953125 0.05859375
0 0.77734375 0.66796875 0.03515625 0.078125
0 0.7109375 0.50390625 0.01953125 0.046875
0 0.724609375 0.5 0.0234375 0.0546875
0 0.7421875 0.486328125 0.01953125 0.0390625
0 0.69921875 0.423828125 0.0234375 0.0625
0 0.734375 0.40234375 0.03515625 0.07421875
0 0.751953125 0.390625 0.03515625 0.078125
0 0.7734375 0.376953125 0.03125 0.06640625
0 0.771484375 0.46875 0.02734375 0.046875
0 0.7890625 0.458984375 0.02734375 0.05078125
0 0.80078125 0.4453125 0.01953125 0.03515625
0 0.806640625 0.650390625 0.02734375 0.0703125
0 0.8203125 0.63671875 0.02734375 0.05859375
0 0.845703125 0.607421875 0.03515625 0.07421875
0 0.86328125 0.60546875 0.03125 0.07421875
0 0.888671875 0.580078125 0.03125 0.0703125
0 0.90625 0.5703125 0.03515625 0.06640625
0 0.93359375 0.548828125 0.03125 0.05078125
0 0.791015625 0.37109375 0.03515625 0.0703125
0 0.81640625 0.435546875 0.02734375 0.046875
0 0.810546875 0.3515625 0.03125 0.06640625
0 0.84375 0.4140625 0.02734375 0.04296875
0 0.875 0.388671875 0.02734375 0.046875
0 0.83203125 0.3515625 0.015625 0.0234375
0 0.84375 0.3203125 0.03125 0.05078125
0 0.86328125 0.30859375 0.03125 0.05078125
0 0.697265625 0.185546875 0.0234375 0.046875
0 0.712890625 0.181640625 0.0234375 0.046875
0 0.724609375 0.173828125 0.0234375 0.04296875
0 0.740234375 0.1640625 0.01953125 0.046875
0 0.75390625 0.16015625 0.01953125 0.04296875
0 0.76953125 0.1484375 0.0234375 0.05078125
0 0.78515625 0.1484375 0.01953125 0.046875
0 0.765625 0.103515625 0.02734375 0.02734375
0 0.7421875 0.119140625 0.015625 0.015625
0 0.69921875 0.130859375 0.02734375 0.0234375
0 0.6796875 0.197265625 0.0234375 0.05859375
0 0.66015625 0.212890625 0.0234375 0.078125
0 0.642578125 0.2109375 0.0234375 0.08203125
0 0.62109375 0.2109375 0.0234375 0.078125
0 0.6015625 0.2109375 0.02734375 0.08203125
0 0.62109375 0.119140625 0.01953125 0.05859375
0 0.603515625 0.11328125 0.0234375 0.06640625
0 0.583984375 0.11328125 0.0234375 0.07421875
0 0.55859375 0.2109375 0.0234375 0.09375
0 0.564453125 0.111328125 0.0234375 0.08203125
0 0.5390625 0.216796875 0.02734375 0.08984375
0 0.517578125 0.220703125 0.02734375 0.0859375
0 0.494140625 0.21875 0.02734375 0.09375
0 0.474609375 0.212890625 0.02734375 0.0859375
0 0.427734375 0.216796875 0.02734375 0.1015625
0 0.41015625 0.212890625 0.0234375 0.0859375
0 0.38671875 0.21484375 0.0234375 0.1015625
0 0.365234375 0.21875 0.02734375 0.09375
0 0.337890625 0.2109375 0.02734375 0.08984375
0 0.3203125 0.21875 0.03125 0.11328125
0 0.54296875 0.111328125 0.0234375 0.078125
0 0.525390625 0.109375 0.01953125 0.0703125
0 0.505859375 0.107421875 0.0234375 0.08984375
0 0.484375 0.10546875 0.02734375 0.08203125
0 0.46484375 0.107421875 0.01953125 0.07421875
0 0.4453125 0.109375 0.02734375 0.0859375
0 0.42578125 0.103515625 0.0234375 0.078125
0 0.40625 0.103515625 0.0234375 0.08203125
0 0.38671875 0.10546875 0.01953125 0.07421875
0 0.365234375 0.1015625 0.0234375 0.08203125
0 0.34765625 0.109375 0.01953125 0.0703125
0 0.32421875 0.10546875 0.0234375 0.07421875
0 0.296875 0.212890625 0.02734375 0.0859375
0 0.271484375 0.20703125 0.02734375 0.0859375
0 0.302734375 0.091796875 0.02734375 0.08984375