0 0.037109375 0.25390625 0.03515625 0.03125
0 0.08203125 0.234375 0.03125 0.04296875
0 0.04296875 0.134765625 0.02734375 0.0390625
0 0.095703125 0.111328125 0.0234375 0.0390625
0 0.16015625 0.064453125 0.03125 0.0390625
0 0.1953125 0.15625 0.02734375 0.04296875
0 0.0390625 0.369140625 0.03515625 0.046875
0 0.0859375 0.333984375 0.0234375 0.04296875
0 0.1796875 0.259765625 0.03125 0.0390625
0 0.228515625 0.23828125 0.02734375 0.04296875
0 0.267578125 0.12109375 0.03125 0.04296875
0 0.333984375 0.11328125 0.03125 0.0390625
0 0.41015625 0.150390625 0.02734375 0.04296875
0 0.4609375 0.099609375 0.0390625 0.05078125
0 0.521484375 0.064453125 0.0390625 0.0546875
0 0.759765625 0.072265625 0.0390625 0.0625
0 0.80859375 0.03515625 0.03515625 0.05078125
0 0.83984375 0.10546875 0.03125 0.04296875
0 0.9140625 0.052734375 0.03515625 0.0546875
0 0.810546875 0.205078125 0.0546875 0.07421875
0 0.93359375 0.283203125 0.03125 0.0546875
0 0.921875 0.416015625 0.03125 0.0546875
0 0.9765625 0.494140625 0.04296875 0.0703125
0 0.98828125 0.578125 0.0234375 0.046875
0 0.607421875 0.240234375 0.03515625 0.0546875
0 0.39453125 0.255859375 0.03515625 0.06640625
0 0.23828125 0.361328125 0.03125 0.0390625
0 0.16796875 0.38671875 0.02734375 0.05078125
0 0.244140625 0.451171875 0.0234375 0.0390625
0 0.287109375 0.431640625 0.0234375 0.04296875
0 0.421875 0.443359375 0.0234375 0.0390625
0 0.466796875 0.40234375 0.0234375 0.03515625
0 0.49609375 0.318359375 0.0234375 0.04296875
0 0.5390625 0.390625 0.02734375 0.03515625
0 0.583984375 0.361328125 0.0234375 0.046875
0 0.548828125 0.146484375 0.02734375 0.0390625
0 0.654296875 0.337890625 0.03515625 0.05859375
0 0.7421875 0.37890625 0.0234375 0.0390625
0 0.80078125 0.46875 0.03125 0.04296875
0 0.763671875 0.55859375 0.03125 0.03125
0 0.716796875 0.482421875 0.02734375 0.05078125
0 0.623046875 0.4296875 0.01953125 0.03515625
0 0.66796875 0.50390625 0.02734375 0.0390625
0 0.58203125 0.498046875 0.02734375 0.04296875
0 0.515625 0.505859375 0.0234375 0.04296875
0 0.46484375 0.537109375 0.03125 0.04296875
0 0.42578125 0.615234375 0.03125 0.05078125
0 0.181640625 0.51953125 0.0234375 0.03515625
0 0.2109375 0.580078125 0.02734375 0.0390625
0 0.154296875 0.59375 0.03125 0.04296875
0 0.12109375 0.6171875 0.01953125 0.0390625
0 0.15234375 0.6953125 0.02734375 0.046875
0 0.25390625 0.685546875 0.0234375 0.04296875
0 0.33984375 0.640625 0.0234375 0.04296875
0 0.365234375 0.70703125 0.0234375 0.04296875
0 0.40234375 0.673828125 0.0234375 0.04296875
0 0.474609375 0.708984375 0.01953125 0.03515625
0 0.509765625 0.75390625 0.0234375 0.0390625
0 0.728515625 0.646484375 0.0234375 0.05078125
0 0.890625 0.66796875 0.0234375 0.0546875
0 0.84375 0.72265625 0.03125 0.04296875
0 0.9296875 0.771484375 0.03125 0.05078125
0 0.986328125 0.85546875 0.02734375 0.0546875
0 0.92578125 0.869140625 0.01953125 0.03125
0 0.83203125 0.83203125 0.0234375 0.02734375
0 0.796875 0.7578125 0.0234375 0.0390625
0 0.876953125 0.91015625 0.02734375 0.04296875
0 0.6953125 0.71875 0.03515625 0.05078125
0 0.76953125 0.84765625 0.01953125 0.02734375
0 0.728515625 0.8828125 0.03515625 0.05859375
0 0.642578125 0.759765625 0.03515625 0.0546875
0 0.650390625 0.873046875 0.02734375 0.046875
0 0.619140625 0.826171875 0.01171875 0.03125
0 0.47265625 0.802734375 0.0234375 0.04296875
0 0.404296875 0.76953125 0.02734375 0.0390625
0 0.251953125 0.77734375 0.03125 0.05078125
0 0.359375 0.791015625 0.01953125 0.03515625
0 0.431640625 0.83203125 0.0234375 0.04296875
0 0.248046875 0.853515625 0.0234375 0.04296875
0 0.263671875 0.921875 0.02734375 0.03515625
0 0.30859375 0.8984375 0.0234375 0.04296875
0 0.35546875 0.8828125 0.01953125 0.03515625
0 0.19921875 0.9375 0.0234375 0.04296875
0 0.16015625 0.96484375 0.01953125 0.03515625
0 0.234375 0.98046875 0.0234375 0.0390625
0 0.310546875 0.98046875 0.02734375 0.0390625
0 0.349609375 0.966796875 0.0234375 0.03515625
0 0.388671875 0.953125 0.0234375 0.03515625
0 0.408203125 0.98828125 0.02734375 0.0234375
0 0.455078125 0.97265625 0.03515625 0.0546875
0 0.466796875 0.916015625 0.02734375 0.02734375
0 0.498046875 0.85546875 0.01953125 0.03515625
0 0.517578125 0.912109375 0.0234375 0.04296875
0 0.576171875 0.884765625 0.03515625 0.0390625