0 0.115234375 0.921875 0.06640625 0.0703125
0 0.111328125 0.90234375 0.01953125 0.01953125
0 0.25 0.6171875 0.0625 0.1328125
0 0.291015625 0.564453125 0.05859375 0.15625
0 0.83203125 0.689453125 0.0546875 0.03125
0 0.8359375 0.66796875 0.05859375 0.04296875
0 0.896484375 0.6953125 0.05859375 0.08203125
0 0.982421875 0.666015625 0.03125 0.015625
0 0.833984375 0.43359375 0.0703125 0.03515625
0 0.974609375 0.3125 0.015625 0.03125
0 0.951171875 0.369140625 0.0234375 0.05859375
0 0.07421875 0.13671875 0.078125 0.046875
0 0.083984375 0.111328125 0.09375 0.06640625