0 0.1015625 0.908203125 0.0703125 0.07421875
0 0.09765625 0.888671875 0.01953125 0.01953125
0 0.24609375 0.607421875 0.06640625 0.13671875
0 0.2890625 0.556640625 0.0625 0.16015625
0 0.826171875 0.701171875 0.05859375 0.03515625
0 0.828125 0.6796875 0.0625 0.046875
0 0.890625 0.708984375 0.0625 0.08203125
0 0.974609375 0.68359375 0.03125 0.015625
0 0.8359375 0.4453125 0.0703125 0.0390625
0 0.98046875 0.330078125 0.015625 0.03125
0 0.955078125 0.384765625 0.02734375 0.05859375
0 0.087890625 0.123046875 0.08203125 0.05078125
0 0.099609375 0.09765625 0.09765625 0.0703125