0 0.36328125 0.810546875 0.08203125 0.140625
0 0.951171875 0.431640625 0.09375 0.06640625
0 0.982421875 0.458984375 0.03515625 0.03515625
0 0.943359375 0.47265625 0.03515625 0.02734375
0 0.951171875 0.4921875 0.0390625 0.03515625
0 0.962890625 0.517578125 0.03515625 0.03125
0 0.990234375 0.501953125 0.01953125 0.03515625
0 0.99609375 0.5234375 0.0078125 0.03125
0 0.970703125 0.537109375 0.02734375 0.0234375
0 0.9765625 0.5625 0.03515625 0.03125
0 0.982421875 0.578125 0.03515625 0.03125
0 0.984375 0.6015625 0.03125 0.03125
0 0.9921875 0.62109375 0.015625 0.0234375
0 0.982421875 0.7734375 0.02734375 0.01953125
0 0.98828125 0.79296875 0.0234375 0.0234375
0 0.9921875 0.81640625 0.015625 0.0234375
0 0.97265625 0.75390625 0.03515625 0.02734375
0 0.96484375 0.728515625 0.0390625 0.03515625
0 0.958984375 0.7109375 0.03125 0.02734375
0 0.94921875 0.69140625 0.03125 0.0234375
0 0.943359375 0.666015625 0.0390625 0.02734375
0 0.931640625 0.64453125 0.0390625 0.03125
0 0.923828125 0.623046875 0.03515625 0.02734375
0 0.916015625 0.603515625 0.03515625 0.03125
0 0.908203125 0.583984375 0.03515625 0.02734375
0 0.900390625 0.55859375 0.0390625 0.03125
0 0.89453125 0.541015625 0.0390625 0.02734375
0 0.884765625 0.517578125 0.04296875 0.03515625
0 0.875 0.49609375 0.0390625 0.03515625
0 0.86328125 0.47265625 0.04296875 0.03515625
0 0.83203125 0.51171875 0.03515625 0.02734375
0 0.84375 0.533203125 0.0390625 0.03515625
0 0.853515625 0.556640625 0.03125 0.0234375
0 0.859375 0.578125 0.03515625 0.02734375
0 0.87109375 0.6015625 0.03125 0.02734375
0 0.87890625 0.6171875 0.03125 0.0234375
0 0.884765625 0.638671875 0.03515625 0.02734375
0 0.892578125 0.66015625 0.03515625 0.03125
0 0.90234375 0.681640625 0.0390625 0.03515625
0 0.91015625 0.701171875 0.03515625 0.03125
0 0.919921875 0.724609375 0.03515625 0.02734375
0 0.927734375 0.744140625 0.03515625 0.03125
0 0.935546875 0.765625 0.03515625 0.03125
0 0.943359375 0.78515625 0.02734375 0.0234375
0 0.94921875 0.80859375 0.04296875 0.03125
0 0.955078125 0.830078125 0.0390625 0.02734375
0 0.8515625 0.76171875 0.08984375 0.16796875
0 0.736328125 0.5390625 0.01953125 0.01953125
0 0.79296875 0.603515625 0.0703125 0.1171875
0 0.755859375 0.6015625 0.06640625 0.11328125
0 0.796875 0.705078125 0.0546875 0.09765625
0 0.83203125 0.80859375 0.0703125 0.1171875
0 0.732421875 0.74609375 0.09765625 0.1640625
0 0.748046875 0.89453125 0.0234375 0.0234375
0 0.6875 0.771484375 0.140625 0.25390625
0 0.578125 0.681640625 0.0625 0.10546875
0 0.64453125 0.841796875 0.08984375 0.1484375
0 0.6328125 0.919921875 0.03125 0.02734375
0 0.626953125 0.8984375 0.03125 0.03125
0 0.6015625 0.841796875 0.03125 0.03125
0 0.58984375 0.822265625 0.04296875 0.03515625
0 0.580078125 0.802734375 0.03515625 0.03125
0 0.572265625 0.779296875 0.0390625 0.03125
0 0.56640625 0.759765625 0.03515625 0.02734375
0 0.55078125 0.736328125 0.046875 0.0390625
0 0.546875 0.71484375 0.03125 0.02734375
0 0.537109375 0.693359375 0.0390625 0.03125
0 0.52734375 0.666015625 0.03125 0.02734375
0 0.521484375 0.630859375 0.06640625 0.0546875
0 0.48046875 0.70703125 0.046875 0.07421875
0 0.5234375 0.822265625 0.03125 0.05078125
0 0.48828125 0.81640625 0.07421875 0.140625
0 0.49609375 0.884765625 0.03515625 0.0546875
0 0.482421875 0.884765625 0.04296875 0.07421875
0 0.46875 0.900390625 0.0390625 0.0625
0 0.42578125 0.861328125 0.09375 0.17578125
0 0.37890625 0.755859375 0.02734375 0.046875
0 0.37109375 0.96484375 0.1328125 0.0703125
0 0.408203125 0.9765625 0.14453125 0.046875
0 0.6171875 0.34765625 0.05859375 0.04296875
0 0.607421875 0.32421875 0.0546875 0.0390625
0 0.5546875 0.388671875 0.05859375 0.1015625
0 0.3359375 0.470703125 0.08984375 0.16796875
0 0.314453125 0.4765625 0.0703125 0.12890625