0 0.099609375 0.626953125 0.03125 0.0703125
0 0.0703125 0.515625 0.03515625 0.08984375
0 0.140625 0.54296875 0.09375 0.25390625
0 0.203125 0.82421875 0.02734375 0.0546875
0 0.23828125 0.818359375 0.01953125 0.046875
0 0.275390625 0.828125 0.01171875 0.01171875
0 0.228515625 0.775390625 0.01953125 0.04296875
0 0.263671875 0.796875 0.03125 0.0625
0 0.291015625 0.783203125 0.01171875 0.01171875
0 0.28515625 0.75 0.03125 0.0625
0 0.30078125 0.828125 0.02734375 0.05078125
0 0.3125 0.876953125 0.015625 0.0390625
0 0.322265625 0.91796875 0.015625 0.0390625
0 0.2890625 0.458984375 0.015625 0.03515625
0 0.259765625 0.3203125 0.07421875 0.19140625
0 0.40234375 0.572265625 0.015625 0.03125
0 0.416015625 0.56640625 0.01953125 0.05078125