0 0.78515625 0.9375 0.015625 0.01171875
0 0.779296875 0.9296875 0.0234375 0.01171875
0 0.796875 0.931640625 0.0078125 0.0078125
0 0.798828125 0.92578125 0.015625 0.01171875
0 0.798828125 0.908203125 0.01171875 0.0078125
0 0.783203125 0.90625 0.015625 0.01171875
0 0.806640625 0.896484375 0.01953125 0.015625
0 0.81640625 0.869140625 0.01171875 0.0078125
0 0.80859375 0.85546875 0.01171875 0.0390625
0 0.78515625 0.845703125 0.03515625 0.01953125
0 0.806640625 0.82421875 0.01953125 0.01171875
0 0.68359375 0.703125 0.08203125 0.04296875
0 0.603515625 0.703125 0.078125 0.04296875
0 0.591796875 0.734375 0.05859375 0.0390625
0 0.951171875 0.462890625 0.08984375 0.046875
0 0.80859375 0.458984375 0.08984375 0.046875
0 0.451171875 0.73046875 0.0390625 0.06640625
0 0.09765625 0.833984375 0.0703125 0.125
0 0.25390625 0.541015625 0.0546875 0.0703125
0 0.203125 0.486328125 0.08203125 0.05078125
0 0.765625 0.7109375 0.08984375 0.04296875