0 0.228515625 0.734375 0.03125 0.05078125
0 0.263671875 0.67578125 0.03515625 0.03515625
0 0.298828125 0.65625 0.03125 0.0234375
0 0.296875 0.77734375 0.03515625 0.05859375
0 0.349609375 0.802734375 0.015625 0.04296875
0 0.31640625 0.87890625 0.0234375 0.0546875
0 0.3671875 0.8828125 0.0234375 0.046875
0 0.24609375 0.853515625 0.0234375 0.05859375
0 0.228515625 0.85546875 0.0234375 0.05859375
0 0.265625 0.861328125 0.01953125 0.0390625
0 0.203125 0.837890625 0.03125 0.07421875
0 0.107421875 0.63671875 0.02734375 0.046875
0 0.09375 0.708984375 0.0390625 0.046875
0 0.08203125 0.787109375 0.0390625 0.05859375
0 0.201171875 0.921875 0.02734375 0.046875
0 0.21484375 0.927734375 0.02734375 0.05859375
0 0.24609375 0.927734375 0.01953125 0.02734375
0 0.25390625 0.9296875 0.01953125 0.0546875
0 0.279296875 0.93359375 0.015625 0.0390625
0 0.3046875 0.94140625 0.015625 0.046875
0 0.3125 0.9453125 0.02734375 0.05078125
0 0.3203125 0.943359375 0.01953125 0.03515625
0 0.34765625 0.947265625 0.03125 0.05859375
0 0.640625 0.923828125 0.0234375 0.0390625
0 0.544921875 0.748046875 0.0234375 0.03125
0 0.48046875 0.767578125 0.02734375 0.03515625
0 0.396484375 0.76953125 0.02734375 0.0234375
0 0.4453125 0.66015625 0.0390625 0.03125
0 0.3671875 0.697265625 0.0390625 0.03125
0 0.3515625 0.6328125 0.03125 0.0234375
0 0.32421875 0.564453125 0.03515625 0.02734375
0 0.283203125 0.5859375 0.03125 0.01953125
0 0.283203125 0.443359375 0.0390625 0.05859375
0 0.353515625 0.484375 0.04296875 0.04296875
0 0.31640625 0.33203125 0.0390625 0.02734375
0 0.38671875 0.3984375 0.03515625 0.04296875
0 0.43359375 0.453125 0.03515625 0.04296875
0 0.419921875 0.521484375 0.03515625 0.0390625
0 0.3984375 0.595703125 0.02734375 0.0390625
0 0.5625 0.572265625 0.0390625 0.046875
0 0.615234375 0.607421875 0.03125 0.0390625
0 0.583984375 0.4609375 0.03125 0.05859375
0 0.53515625 0.40234375 0.03515625 0.0546875
0 0.412109375 0.31640625 0.0390625 0.06640625
0 0.3671875 0.248046875 0.0234375 0.046875
0 0.576171875 0.35546875 0.02734375 0.05078125
0 0.662109375 0.29296875 0.0234375 0.0546875
0 0.720703125 0.322265625 0.03515625 0.05078125
0 0.767578125 0.498046875 0.03125 0.05078125
0 0.478515625 0.0625 0.03515625 0.0390625
0 0.388671875 0.1328125 0.03125 0.05078125