0 0.73046875 0.92578125 0.01953125 0.01953125
0 0.763671875 0.806640625 0.02734375 0.0234375
0 0.84765625 0.837890625 0.02734375 0.0234375
0 0.91015625 0.734375 0.02734375 0.0234375
0 0.8203125 0.6796875 0.03515625 0.03125
0 0.90625 0.646484375 0.03125 0.0234375
0 0.765625 0.568359375 0.03125 0.0234375
0 0.94921875 0.525390625 0.01171875 0.01171875
0 0.96484375 0.5234375 0.03515625 0.03125
0 0.87109375 0.513671875 0.046875 0.03515625
0 0.787109375 0.4609375 0.0390625 0.03515625
0 0.86328125 0.353515625 0.03125 0.02734375
0 0.93359375 0.3515625 0.0390625 0.03515625
0 0.97265625 0.419921875 0.0234375 0.0234375
0 0.994140625 0.23046875 0.01171875 0.0234375
0 0.935546875 0.201171875 0.02734375 0.01953125
0 0.86328125 0.228515625 0.03125 0.03125
0 0.353515625 0.236328125 0.0234375 0.01953125
0 0.041015625 0.490234375 0.04296875 0.0390625