0 0.048828125 0.84765625 0.078125 0.08203125
0 0.048828125 0.828125 0.0234375 0.0234375
0 0.234375 0.572265625 0.08203125 0.140625
0 0.283203125 0.52734375 0.08203125 0.1640625
0 0.794921875 0.744140625 0.05859375 0.04296875
0 0.80078125 0.72265625 0.06640625 0.0546875
0 0.857421875 0.759765625 0.07421875 0.08984375
0 0.9453125 0.748046875 0.03125 0.01953125
0 0.83984375 0.4921875 0.07421875 0.046875
0 0.994140625 0.396484375 0.01171875 0.03515625
0 0.966796875 0.44921875 0.03515625 0.0625
0 0.14453125 0.068359375 0.0859375 0.0625
0 0.158203125 0.044921875 0.10546875 0.08203125