0 0.080078125 0.48046875 0.0234375 0.0703125
0 0.091796875 0.369140625 0.0234375 0.08984375
0 0.146484375 0.41796875 0.05859375 0.25390625
0 0.109375 0.703125 0.01953125 0.0546875
0 0.14453125 0.7109375 0.01171875 0.046875
0 0.177734375 0.73046875 0.0078125 0.01171875
0 0.150390625 0.666015625 0.015625 0.04296875
0 0.177734375 0.697265625 0.0234375 0.0625
0 0.20703125 0.6953125 0.01171875 0.0078125
0 0.212890625 0.66015625 0.0234375 0.0625
0 0.19921875 0.740234375 0.01953125 0.046875
0 0.1953125 0.7890625 0.01171875 0.0390625
0 0.189453125 0.83203125 0.01171875 0.0390625
0 0.314453125 0.388671875 0.01171875 0.03515625
0 0.3359375 0.25 0.046875 0.19140625
0 0.3828125 0.53515625 0.01171875 0.03125
0 0.3984375 0.53515625 0.01171875 0.05078125