0 0.2421875 0.75 0.03125 0.05078125
0 0.2734375 0.6875 0.03515625 0.03515625
0 0.306640625 0.666015625 0.03125 0.0234375
0 0.310546875 0.787109375 0.0390625 0.05859375
0 0.365234375 0.810546875 0.015625 0.04296875
0 0.3359375 0.888671875 0.0234375 0.0546875
0 0.38671875 0.890625 0.02734375 0.046875
0 0.265625 0.865234375 0.02734375 0.05859375
0 0.248046875 0.869140625 0.02734375 0.05859375
0 0.283203125 0.873046875 0.0234375 0.0390625
0 0.220703125 0.853515625 0.03515625 0.07421875
0 0.115234375 0.65625 0.03125 0.046875
0 0.10546875 0.73046875 0.04296875 0.046875
0 0.09765625 0.80859375 0.0390625 0.05859375
0 0.22265625 0.9375 0.03125 0.046875
0 0.23828125 0.943359375 0.03125 0.0625
0 0.26953125 0.94140625 0.01953125 0.03125
0 0.27734375 0.94140625 0.01953125 0.0546875
0 0.302734375 0.9453125 0.01953125 0.0390625
0 0.328125 0.951171875 0.01953125 0.046875
0 0.3359375 0.953125 0.02734375 0.05078125
0 0.34375 0.953125 0.01953125 0.03515625
0 0.37109375 0.955078125 0.03515625 0.05859375
0 0.662109375 0.916015625 0.02734375 0.0390625
0 0.55859375 0.74609375 0.0234375 0.03125
0 0.494140625 0.767578125 0.02734375 0.03515625
0 0.41015625 0.7734375 0.02734375 0.0234375
0 0.453125 0.662109375 0.0390625 0.03125
0 0.37890625 0.705078125 0.0390625 0.03515625
0 0.357421875 0.640625 0.03125 0.0234375
0 0.328125 0.57421875 0.03515625 0.03125
0 0.287109375 0.59765625 0.03125 0.01953125
0 0.28125 0.455078125 0.0390625 0.05859375
0 0.353515625 0.4921875 0.046875 0.046875
0 0.30859375 0.341796875 0.0390625 0.03125
0 0.380859375 0.404296875 0.0390625 0.04296875
0 0.431640625 0.45703125 0.0390625 0.04296875
0 0.421875 0.525390625 0.0390625 0.0390625
0 0.404296875 0.599609375 0.03125 0.0390625
0 0.56640625 0.568359375 0.04296875 0.046875
0 0.62109375 0.6015625 0.03125 0.0390625
0 0.58203125 0.45703125 0.03515625 0.05859375
0 0.53125 0.400390625 0.03515625 0.0546875
0 0.40234375 0.322265625 0.04296875 0.06640625
0 0.35546875 0.255859375 0.02734375 0.046875
0 0.568359375 0.3515625 0.02734375 0.05078125
0 0.650390625 0.28515625 0.0234375 0.0546875
0 0.712890625 0.3125 0.03515625 0.05078125
0 0.767578125 0.484375 0.03125 0.05078125
0 0.455078125 0.064453125 0.03515625 0.0390625
0 0.37109375 0.138671875 0.03125 0.05078125