0 0.919921875 0.73828125 0.01953125 0.01953125
0 0.884765625 0.619140625 0.02734375 0.01953125
0 0.974609375 0.603515625 0.02734375 0.01953125
0 0.97265625 0.482421875 0.02734375 0.01953125
0 0.8671875 0.482421875 0.03515625 0.02734375
0 0.921875 0.408203125 0.03125 0.01953125
0 0.759765625 0.41796875 0.03125 0.01953125
0 0.896484375 0.283203125 0.0078125 0.01171875
0 0.908203125 0.2734375 0.03125 0.02734375
0 0.822265625 0.314453125 0.04296875 0.03125
0 0.72265625 0.314453125 0.03515625 0.03125
0 0.73046875 0.181640625 0.03125 0.0234375
0 0.7890625 0.142578125 0.03515625 0.03125
0 0.857421875 0.181640625 0.0234375 0.01953125
0 0.916015625 0.1484375 0.0234375 0.01953125
0 0.783203125 0.0078125 0.02734375 0.015625
0 0.7109375 0.015625 0.0234375 0.015625
0 0.6640625 0.078125 0.02734375 0.02734375
0 0.236328125 0.353515625 0.0234375 0.015625
0 0.10546875 0.734375 0.0390625 0.03125
0 0.107421875 0.974609375 0.01953125 0.015625