0 0.79296875 0.931640625 0.015625 0.0078125
0 0.787109375 0.923828125 0.0234375 0.01171875
0 0.8046875 0.927734375 0.0078125 0.0078125
0 0.806640625 0.921875 0.015625 0.0078125
0 0.806640625 0.904296875 0.01171875 0.0078125
0 0.791015625 0.90234375 0.015625 0.0078125
0 0.814453125 0.890625 0.015625 0.01171875
0 0.822265625 0.865234375 0.01171875 0.0078125
0 0.814453125 0.849609375 0.01171875 0.0390625
0 0.791015625 0.83984375 0.03515625 0.01953125
0 0.8125 0.818359375 0.01953125 0.01171875
0 0.6875 0.69921875 0.08203125 0.0390625
0 0.607421875 0.701171875 0.078125 0.0390625
0 0.595703125 0.732421875 0.05859375 0.0390625
0 0.951171875 0.455078125 0.08984375 0.046875
0 0.80859375 0.453125 0.08984375 0.04296875
0 0.455078125 0.73046875 0.0390625 0.06640625
0 0.103515625 0.841796875 0.0703125 0.125
0 0.25390625 0.544921875 0.0546875 0.06640625
0 0.201171875 0.490234375 0.08203125 0.05078125
0 0.76953125 0.70703125 0.08984375 0.04296875