0 0.205078125 0.666015625 0.06640625 0.140625
0 0.900390625 0.716796875 0.09375 0.05859375
0 0.9140625 0.759765625 0.0390625 0.03125
0 0.87109375 0.744140625 0.03515625 0.0234375
0 0.865234375 0.765625 0.03515625 0.03125
0 0.859375 0.79296875 0.03515625 0.02734375
0 0.900390625 0.8046875 0.04296875 0.03125
0 0.896484375 0.826171875 0.0390625 0.02734375
0 0.853515625 0.8125 0.02734375 0.01953125
0 0.841796875 0.8359375 0.03515625 0.02734375
0 0.888671875 0.84765625 0.04296875 0.02734375
0 0.880859375 0.869140625 0.03125 0.0234375
0 0.83984375 0.85546875 0.0390625 0.02734375
0 0.83203125 0.87890625 0.04296875 0.02734375
0 0.875 0.890625 0.03125 0.0234375
0 0.828125 0.8984375 0.03125 0.0234375
0 0.869140625 0.9140625 0.03125 0.0234375
0 0.859375 0.93359375 0.03125 0.0234375
0 0.822265625 0.923828125 0.03515625 0.0234375
0 0.814453125 0.943359375 0.04296875 0.03125
0 0.857421875 0.953125 0.0390625 0.03125
0 0.849609375 0.978515625 0.03515625 0.03125
0 0.8046875 0.96484375 0.03515625 0.03125
0 0.8046875 0.98828125 0.03125 0.0234375
0 0.83203125 0.990234375 0.0078125 0.015625
0 0.84375 0.9921875 0.0390625 0.015625
0 0.794921875 0.998046875 0.02734375 0.00390625
0 0.724609375 0.986328125 0.03515625 0.0234375
0 0.734375 0.962890625 0.0390625 0.03125
0 0.73828125 0.943359375 0.03125 0.0234375
0 0.744140625 0.923828125 0.03125 0.0234375
0 0.75390625 0.900390625 0.0390625 0.0234375
0 0.7578125 0.875 0.0390625 0.02734375
0 0.765625 0.853515625 0.03515625 0.0234375
0 0.771484375 0.833984375 0.03515625 0.02734375
0 0.775390625 0.8125 0.03515625 0.0234375
0 0.78515625 0.7890625 0.0390625 0.02734375
0 0.7890625 0.76953125 0.0390625 0.0234375
0 0.796875 0.74609375 0.0390625 0.03125
0 0.802734375 0.72265625 0.0390625 0.03125
0 0.806640625 0.697265625 0.04296875 0.03125
0 0.759765625 0.708984375 0.03515625 0.0234375
0 0.75390625 0.734375 0.0390625 0.03125
0 0.748046875 0.7578125 0.03125 0.0234375
0 0.740234375 0.779296875 0.03515625 0.0234375
0 0.736328125 0.8046875 0.03125 0.02734375
0 0.732421875 0.8203125 0.03125 0.0234375
0 0.72265625 0.84375 0.03515625 0.0234375
0 0.71875 0.86328125 0.03515625 0.02734375
0 0.7109375 0.88671875 0.03515625 0.03125
0 0.70703125 0.90625 0.03515625 0.03125
0 0.69921875 0.931640625 0.03515625 0.0234375
0 0.693359375 0.953125 0.03515625 0.03125
0 0.6875 0.974609375 0.03515625 0.03125
0 0.681640625 0.9921875 0.02734375 0.015625
0 0.62109375 0.91796875 0.0703125 0.1640625
0 0.666015625 0.673828125 0.01953125 0.01953125
0 0.671875 0.7578125 0.0546875 0.1171875
0 0.642578125 0.734375 0.05078125 0.1171875
0 0.615234375 0.841796875 0.046875 0.09765625
0 0.578125 0.94140625 0.0546875 0.1171875
0 0.537109375 0.8359375 0.078125 0.1640625
0 0.4609375 0.96484375 0.01953125 0.0234375
0 0.486328125 0.830078125 0.11328125 0.2578125
0 0.453125 0.69140625 0.05078125 0.109375
0 0.41015625 0.859375 0.0703125 0.15234375
0 0.3515625 0.916015625 0.02734375 0.0234375
0 0.361328125 0.896484375 0.02734375 0.02734375
0 0.375 0.833984375 0.02734375 0.02734375
0 0.37890625 0.810546875 0.0390625 0.03125
0 0.3828125 0.7890625 0.03515625 0.02734375
0 0.390625 0.767578125 0.0390625 0.02734375
0 0.396484375 0.748046875 0.03515625 0.0234375
0 0.3984375 0.71875 0.046875 0.03515625
0 0.408203125 0.69921875 0.03125 0.02734375
0 0.4140625 0.677734375 0.0390625 0.02734375
0 0.421875 0.6484375 0.03125 0.0234375
0 0.4375 0.6171875 0.0625 0.05078125
0 0.359375 0.654296875 0.0390625 0.07421875
0 0.32421875 0.76953125 0.0234375 0.05078125
0 0.30078125 0.74609375 0.05859375 0.14453125
0 0.263671875 0.8046875 0.02734375 0.0546875
0 0.25390625 0.796875 0.03515625 0.07421875
0 0.234375 0.80078125 0.03125 0.0625
0 0.224609375 0.744140625 0.078125 0.1796875
0 0.248046875 0.630859375 0.0234375 0.046875
0 0.1171875 0.798828125 0.1328125 0.0703125
0 0.123046875 0.84765625 0.14453125 0.0859375
0 0.685546875 0.44921875 0.0546875 0.03515625
0 0.69140625 0.423828125 0.0546875 0.03515625
0 0.609375 0.4453125 0.046875 0.10546875
0 0.38671875 0.37890625 0.07421875 0.16796875
0 0.365234375 0.369140625 0.0546875 0.12890625