0 0.705078125 0.98046875 0.015625 0.01171875
0 0.69921875 0.970703125 0.02734375 0.015625
0 0.716796875 0.9765625 0.0078125 0.0078125
0 0.720703125 0.97265625 0.015625 0.01171875
0 0.724609375 0.955078125 0.01171875 0.01171875
0 0.708984375 0.94921875 0.015625 0.01171875
0 0.734375 0.943359375 0.01953125 0.015625
0 0.748046875 0.919921875 0.01171875 0.01171875
0 0.7421875 0.904296875 0.01953125 0.0390625
0 0.720703125 0.890625 0.0390625 0.02734375
0 0.74609375 0.87109375 0.01953125 0.01171875
0 0.646484375 0.732421875 0.08203125 0.0546875
0 0.56640625 0.71875 0.08203125 0.0546875
0 0.548828125 0.74609375 0.0625 0.046875
0 0.951171875 0.541015625 0.09375 0.0625
0 0.8125 0.513671875 0.08984375 0.05859375
0 0.412109375 0.71875 0.046875 0.0703125
0 0.046875 0.759765625 0.08984375 0.12890625
0 0.25 0.49609375 0.0625 0.07421875
0 0.208984375 0.43359375 0.0859375 0.0625
0 0.724609375 0.75390625 0.08984375 0.0546875