0 0.080078125 0.49609375 0.01953125 0.0703125
0 0.087890625 0.3828125 0.0234375 0.08984375
0 0.14453125 0.4296875 0.05078125 0.25390625
0 0.1171875 0.716796875 0.01953125 0.0546875
0 0.15234375 0.72265625 0.01171875 0.046875
0 0.185546875 0.7421875 0.0078125 0.01171875
0 0.15625 0.677734375 0.015625 0.04296875
0 0.18359375 0.708984375 0.01953125 0.0625
0 0.212890625 0.705078125 0.01171875 0.0078125
0 0.21875 0.669921875 0.01953125 0.0625
0 0.208984375 0.75 0.01953125 0.046875
0 0.205078125 0.80078125 0.01171875 0.0390625
0 0.201171875 0.84375 0.01171875 0.0390625
0 0.3125 0.39453125 0.01171875 0.03515625
0 0.328125 0.255859375 0.04296875 0.19140625
0 0.3828125 0.5390625 0.01171875 0.03125
0 0.400390625 0.537109375 0.01171875 0.05078125