0 0.2734375 0.779296875 0.0390625 0.05078125
0 0.298828125 0.712890625 0.0390625 0.0390625
0 0.330078125 0.689453125 0.03125 0.02734375
0 0.34765625 0.80859375 0.04296875 0.05859375
0 0.404296875 0.82421875 0.0234375 0.04296875
0 0.384765625 0.904296875 0.03125 0.0546875
0 0.435546875 0.900390625 0.03125 0.046875
0 0.310546875 0.892578125 0.03125 0.05859375
0 0.294921875 0.896484375 0.03125 0.05859375
0 0.330078125 0.896484375 0.02734375 0.04296875
0 0.265625 0.884765625 0.04296875 0.07421875
0 0.13671875 0.703125 0.03515625 0.046875
0 0.13671875 0.77734375 0.046875 0.05078125
0 0.138671875 0.85546875 0.046875 0.0625
0 0.279296875 0.96875 0.03515625 0.046875
0 0.291015625 0.96875 0.03515625 0.0625
0 0.32421875 0.96484375 0.0234375 0.03125
0 0.33203125 0.96484375 0.02734375 0.0546875
0 0.357421875 0.96484375 0.0234375 0.0390625
0 0.384765625 0.96875 0.0234375 0.046875
0 0.392578125 0.970703125 0.03125 0.05078125
0 0.400390625 0.96875 0.0234375 0.03515625
0 0.427734375 0.966796875 0.0390625 0.05859375
0 0.712890625 0.892578125 0.03125 0.0390625
0 0.587890625 0.736328125 0.02734375 0.03125
0 0.52734375 0.765625 0.03125 0.0390625
0 0.443359375 0.783203125 0.02734375 0.02734375
0 0.474609375 0.666015625 0.04296875 0.03515625
0 0.404296875 0.71875 0.04296875 0.0390625
0 0.376953125 0.65625 0.03125 0.02734375
0 0.337890625 0.59375 0.0390625 0.03125
0 0.30078125 0.62109375 0.03515625 0.0234375
0 0.27734375 0.482421875 0.046875 0.0625
0 0.353515625 0.509765625 0.05078125 0.05078125
0 0.291015625 0.3671875 0.0390625 0.03515625
0 0.37109375 0.41796875 0.04296875 0.046875
0 0.427734375 0.466796875 0.04296875 0.046875
0 0.42578125 0.53515625 0.0390625 0.04296875
0 0.41796875 0.611328125 0.03515625 0.0390625
0 0.57421875 0.560546875 0.046875 0.05078125
0 0.6328125 0.5859375 0.03515625 0.04296875
0 0.57421875 0.447265625 0.0390625 0.05859375
0 0.517578125 0.3984375 0.04296875 0.0546875
0 0.380859375 0.3359375 0.046875 0.0703125
0 0.326171875 0.275390625 0.03125 0.046875
0 0.55078125 0.34375 0.03125 0.05078125
0 0.625 0.26953125 0.03125 0.0546875
0 0.6875 0.287109375 0.0390625 0.05078125
0 0.763671875 0.451171875 0.0390625 0.05078125
0 0.40234375 0.07421875 0.0390625 0.04296875
0 0.328125 0.158203125 0.03515625 0.05078125