0 0.787109375 0.888671875 0.01953125 0.01953125
0 0.802734375 0.765625 0.02734375 0.01953125
0 0.890625 0.787109375 0.02734375 0.01953125
0 0.939453125 0.67578125 0.02734375 0.01953125
0 0.841796875 0.6328125 0.03515625 0.02734375
0 0.921875 0.587890625 0.03125 0.01953125
0 0.771484375 0.53125 0.03125 0.01953125
0 0.94921875 0.462890625 0.0078125 0.01171875
0 0.96484375 0.458984375 0.03125 0.02734375
0 0.869140625 0.4609375 0.04296875 0.03125
0 0.779296875 0.421875 0.03515625 0.03515625
0 0.83984375 0.3046875 0.03125 0.02734375
0 0.908203125 0.291015625 0.03515625 0.03125
0 0.95703125 0.35546875 0.0234375 0.01953125
0 0.9609375 0.166015625 0.02734375 0.01953125
0 0.888671875 0.142578125 0.02734375 0.015625
0 0.822265625 0.181640625 0.02734375 0.02734375
0 0.318359375 0.259765625 0.0234375 0.015625
0 0.044921875 0.552734375 0.0390625 0.03515625