0 0.2578125 0.736328125 0.03125 0.13671875
0 0.943359375 0.60546875 0.0859375 0.0390625
0 0.966796875 0.64453125 0.03515625 0.0234375
0 0.921875 0.640625 0.03125 0.015625
0 0.921875 0.662109375 0.03125 0.0234375
0 0.921875 0.689453125 0.03125 0.01953125
0 0.96484375 0.69140625 0.0390625 0.0234375
0 0.966796875 0.712890625 0.03515625 0.01953125
0 0.921875 0.7109375 0.0234375 0.015625
0 0.91796875 0.736328125 0.03125 0.01953125
0 0.96484375 0.736328125 0.0390625 0.01953125
0 0.962890625 0.7578125 0.02734375 0.015625
0 0.919921875 0.755859375 0.03515625 0.01953125
0 0.91796875 0.779296875 0.0390625 0.01953125
0 0.962890625 0.78125 0.02734375 0.015625
0 0.919921875 0.80078125 0.02734375 0.015625
0 0.962890625 0.8046875 0.02734375 0.015625
0 0.958984375 0.826171875 0.02734375 0.015625
0 0.921875 0.826171875 0.03125 0.015625
0 0.91796875 0.84765625 0.0390625 0.0234375
0 0.962890625 0.845703125 0.03515625 0.0234375
0 0.9609375 0.87109375 0.03125 0.0234375
0 0.9140625 0.87109375 0.03125 0.0234375
0 0.919921875 0.892578125 0.02734375 0.015625
0 0.947265625 0.888671875 0.00390625 0.015625
0 0.962890625 0.89453125 0.03515625 0.0234375
0 0.962890625 0.91796875 0.03515625 0.0234375
0 0.91796875 0.912109375 0.0234375 0.015625
0 0.931640625 0.96484375 0.0078125 0.015625
0 0.9140625 0.9609375 0.03125 0.015625
0 0.9609375 0.96484375 0.03125 0.015625
0 0.958984375 0.984375 0.03515625 0.015625
0 0.845703125 0.93359375 0.02734375 0.0078125
0 0.845703125 0.95703125 0.02734375 0.015625
0 0.845703125 0.98046875 0.02734375 0.015625
0 0.84375 0.912109375 0.03125 0.015625
0 0.845703125 0.88671875 0.03515625 0.0234375
0 0.845703125 0.8671875 0.02734375 0.015625
0 0.845703125 0.845703125 0.02734375 0.015625
0 0.849609375 0.8203125 0.03515625 0.015625
0 0.845703125 0.794921875 0.03515625 0.01953125
0 0.84765625 0.7734375 0.03125 0.015625
0 0.84765625 0.751953125 0.03125 0.01953125
0 0.84765625 0.73046875 0.03125 0.015625
0 0.849609375 0.705078125 0.03515625 0.01953125
0 0.849609375 0.685546875 0.03515625 0.015625
0 0.849609375 0.66015625 0.03515625 0.0234375
0 0.849609375 0.63671875 0.03515625 0.0234375
0 0.84765625 0.611328125 0.0390625 0.0234375
0 0.8046875 0.634765625 0.03125 0.015625
0 0.806640625 0.66015625 0.03515625 0.0234375
0 0.806640625 0.685546875 0.02734375 0.015625
0 0.8046875 0.70703125 0.03125 0.015625
0 0.806640625 0.732421875 0.02734375 0.01953125
0 0.806640625 0.75 0.02734375 0.015625
0 0.8046875 0.7734375 0.03125 0.015625
0 0.8046875 0.794921875 0.03125 0.01953125
0 0.8046875 0.818359375 0.03125 0.0234375
0 0.8046875 0.83984375 0.03125 0.0234375
0 0.8046875 0.865234375 0.03125 0.015625
0 0.8046875 0.88671875 0.03125 0.0234375
0 0.8046875 0.91015625 0.03125 0.0234375
0 0.8046875 0.931640625 0.0234375 0.015625
0 0.80078125 0.955078125 0.0390625 0.01953125
0 0.798828125 0.9765625 0.03515625 0.015625
0 0.728515625 0.875 0.02734375 0.171875
0 0.705078125 0.625 0.015625 0.015625
0 0.732421875 0.705078125 0.02734375 0.11328125
0 0.69921875 0.689453125 0.0234375 0.11328125
0 0.69921875 0.80078125 0.0234375 0.09375
0 0.693359375 0.91015625 0.02734375 0.1171875
0 0.623046875 0.814453125 0.0390625 0.16015625
0 0.58203125 0.958984375 0.015625 0.01953125
0 0.572265625 0.822265625 0.05078125 0.25390625
0 0.50390625 0.697265625 0.0234375 0.10546875
0 0.505859375 0.87109375 0.03515625 0.1484375
0 0.46484375 0.939453125 0.0234375 0.01953125
0 0.46875 0.91796875 0.0234375 0.0234375
0 0.466796875 0.85546875 0.0234375 0.0234375
0 0.462890625 0.83203125 0.03515625 0.0234375
0 0.4609375 0.810546875 0.03125 0.01953125
0 0.462890625 0.787109375 0.03515625 0.01953125
0 0.46484375 0.765625 0.03125 0.015625
0 0.458984375 0.73828125 0.04296875 0.0234375
0 0.462890625 0.716796875 0.02734375 0.01953125
0 0.462890625 0.693359375 0.03515625 0.01953125
0 0.462890625 0.6640625 0.02734375 0.015625
0 0.470703125 0.62890625 0.0546875 0.0390625
0 0.404296875 0.685546875 0.01953125 0.07421875
0 0.400390625 0.806640625 0.01171875 0.05078125
0 0.37109375 0.7890625 0.0234375 0.140625
0 0.3515625 0.85546875 0.015625 0.0546875
0 0.33984375 0.849609375 0.015625 0.07421875
0 0.3203125 0.859375 0.015625 0.0625
0 0.296875 0.806640625 0.03125 0.17578125
0 0.291015625 0.69140625 0.01171875 0.046875
0 0.20703125 0.888671875 0.125 0.0390625
0 0.2265625 0.93359375 0.1328125 0.0546875
0 0.666015625 0.40234375 0.05078125 0.0234375
0 0.666015625 0.376953125 0.05078125 0.0234375
0 0.591796875 0.41796875 0.0234375 0.1015625
0 0.359375 0.412109375 0.03125 0.16796875
0 0.3359375 0.408203125 0.0234375 0.12890625